Method Strike Price Black Normal
PDE 0.05 0.0048092742531875106 1.216168530248866 0.34548636186566617
Lognormal 0.05 0.017616523029777953 1.723875719364724 0.4426092702388939
Normal 0.05 0.030266893303272462 2.1997070732864654 0.5040737556476578
LognormalAB 0.05 0.014965913556116471 1.6295530672214311 0.4271169192507518
NormalAB 0.05 0.01900669428438429 1.7731809931373808 0.45025307168837364
PDE 0.0695 0.006699778689818255 1.135099984384985 0.35927186428288355
Lognormal 0.0695 0.02064108179323186 1.5396702762658552 0.45164786429354226
Normal 0.0695 0.032115054567417534 1.8350704714508614 0.5041693998182335
LognormalAB 0.0695 0.017434638357085364 1.4561917269680966 0.43452919503285015
NormalAB 0.0695 0.020957445635570914 1.5478067515934797 0.4532620998539258
PDE 0.089 0.008602698434810038 1.0719353032163648 0.36959083880886245
Lognormal 0.089 0.023234558659565446 1.4078741453914385 0.45714958006456374
Normal 0.089 0.03369294708863396 1.6173773156535312 0.5028078112584298
LognormalAB 0.089 0.019552462456428256 1.331554314362443 0.43879513274618015
NormalAB 0.089 0.02270666698340132 1.3970841507050653 0.4546104107988995
PDE 0.1085 0.010520645760725268 1.0197989988912164 0.3776288928350935
Lognormal 0.1085 0.025561377495274557 1.3057667833477808 0.46049470209219895
Normal 0.1085 0.03514435952604152 1.4645986555894872 0.5006713536070422
LognormalAB 0.1085 0.021473949891715284 1.2350270444789477 0.44123779992239043
NormalAB 0.1085 0.024350665502115558 1.2850999155637017 0.45495496260364165
PDE 0.128 0.012456240494316586 0.9751869918791178 0.3840243965143468
Lognormal 0.128 0.02771133242692013 1.2226982253339764 0.4623828424372148
Normal 0.128 0.03653247748624074 1.3481147091292962 0.4980541709496056
LognormalAB 0.128 0.023280152667497802 1.156690612982487 0.4425002858377118
NormalAB 0.128 0.025939595904483286 1.1966461315425623 0.4546258421321347
PDE 0.14750000000000002 0.014412257803279082 0.9360629851817287 0.38916706138648516
Lognormal 0.14750000000000002 0.0297398935676823 1.1528449374887726 0.46322004366650243
Normal 0.14750000000000002 0.03789090679877623 1.2546427171811465 0.4951088349577241
LognormalAB 0.14750000000000002 0.025019343749231635 1.0910379462153363 0.442941958400413
NormalAB 0.14750000000000002 0.027503663627365723 1.1239148433666855 0.45381352505036937
PDE 0.16699999999999998 0.016391578738819527 0.9011342211658571 0.39331506178760317
Lognormal 0.16699999999999998 0.03168437135832337 1.092684922534474 0.4632640488867001
Normal 0.16699999999999998 0.039240120120840064 1.1769749187915417 0.49192490948728707
LognormalAB 0.16699999999999998 0.026723071527557818 1.034707303349909 0.44278347644049326
NormalAB 0.16699999999999998 0.029063070151675967 1.0623884367865994 0.4526386295712096
PDE 0.1865 0.018397222903372992 0.8695269988447978 0.39665001423531393
Lognormal 0.1865 0.033571538828534475 1.039930484035488 0.4626893516176941
Normal 0.1865 0.0405939911706434 1.1107838205178848 0.48855993457544566
LognormalAB 0.1865 0.02841353704836241 0.9855023481918292 0.4421699812131836
NormalAB 0.1865 0.030632493357353897 1.0092290744708612 0.4511828934362589
PDE 0.20600000000000002 0.020432451080527967 0.8406232471333845 0.39930602098643864
Lognormal 0.20600000000000002 0.035421648579170247 0.993014266878577 0.46162003514082944
Normal 0.20600000000000002 0.041962792520298546 1.0532787067861225 0.4850535581632932
LognormalAB 0.20600000000000002 0.030107372437134614 0.9419128743944848 0.44120215474858837
NormalAB 0.20600000000000002 0.03222336058552815 0.9625433584736482 0.4495046919363971
PDE 0.22550000000000003 0.022500642429459608 0.8139679548372607 0.4013851704910834
Lognormal 0.22550000000000003 0.037250731691845375 0.9508170980510792 0.4601478687308721
Normal 0.22550000000000003 0.0433547271392747 1.0025611343267908 0.4814347076863082
LognormalAB 0.22550000000000003 0.03181774174117553 0.9028581815151135 0.439952903540739
NormalAB 0.22550000000000003 0.03384510939870049 0.9210083475142046 0.4476475322067676
PDE 0.245 0.02460549358828155 0.7892178023059011 0.4029682269358526
Lognormal 0.245 0.03907200149896229 0.9125130335787072 0.45834297356899073
Normal 0.245 0.04477678117584838 0.9572849028709113 0.477725542957104
LognormalAB 0.245 0.03355558814774506 0.8675397706232411 0.438476958531932
NormalAB 0.245 0.03550593848336575 0.883665339987684 0.44564503231210023
PDE 0.2645 0.02675090674378684 0.7661063593250458 0.4041202252022751
Lognormal 0.2645 0.040896758035754946 0.8774759332431655 0.45626045567770634
Normal 0.2645 0.0462352350275595 0.9164631971073925 0.47394378524454295
LognormalAB 0.2645 0.03533041617834202 0.835351987542676 0.4368167120567725
NormalAB 0.2645 0.037213282633122687 0.8497987615916591 0.4435240044973824
PDE 0.284 0.02894105702997663 0.744423073614598 0.4048948382555463
Lognormal 0.284 0.04273499868893839 0.84522045138964 0.4539447169625268
Normal 0.284 0.047735990878669976 0.8793527685232242 0.4701041686844573
LognormalAB 0.284 0.03715080639304366 0.8058253223240874 0.43500593185012676
NormalAB 0.284 0.038974129760147413 0.8188613367570682 0.4413064531574636
PDE 0.3035 0.03118049475471574 0.7239993364543059 0.40533751299477017
Lognormal 0.3035 0.04459584854128879 0.8153633031491974 0.45143236382010415
Normal 0.3035 0.04928479668859604 0.8453810819553751 0.46621939017532554
LognormalAB 0.3035 0.03902476931162067 0.7785890590049431 0.4330722168686875
NormalAB 0.3035 0.0407952433402363 0.7904258884555778 0.439010920559156
PDE 0.323 0.033474039076159215 0.7046973555559407 0.4054869580264171
Lognormal 0.323 0.04648787639281657 0.7875970029327711 0.44875423441968065
Normal 0.323 0.050887409681929674 0.8140986941046012 0.46230075945660926
LognormalAB 0.323 0.04095999917335122 0.753345882228856 0.4310386761161026
NormalAB 0.323 0.042683326222279265 0.764153187728087 0.43665342440994875
PDE 0.34249999999999997 0.03582690786036959 0.6864038295641163 0.405377007268326
Lognormal 0.34249999999999997 0.048419336528525245 0.7616715612919528 0.4459368534971885
Normal 0.34249999999999997 0.05254972379483127 0.7851471020787744 0.45835866329648817
LognormalAB 0.34249999999999997 0.042964063463277836 0.729854139899786 0.428925110629672
NormalAB 0.34249999999999997 0.044645147075541604 0.7397698632096067 0.4342481311876203
PDE 0.362 0.038244761125652636 0.6690247547845587 0.40503772875510796
Lognormal 0.362 0.050398361510933604 0.7373814221913446 0.4430035048129998
Normal 0.362 0.05427787565028945 0.7582364293358647 0.45440291107806285
LognormalAB 0.362 0.045044550265214894 0.7079151604010953 0.4267488681487856
NormalAB 0.362 0.04668764253110473 0.7170528307113102 0.4318078533719235
PDE 0.38149999999999995 0.040733695127644694 0.652481292878991 0.40449610576092304
Lognormal 0.38149999999999995 0.052433122488467626 0.7145559466602455 0.4399750422700049
Normal 0.38149999999999995 0.056078338129710685 0.7331295665512313 0.4504430031013144
LognormalAB 0.38149999999999995 0.04720918738258695 0.6873639968468123 0.4245254764851091
NormalAB 0.38149999999999995 0.04881800325610686 0.6958180724563278 0.4293444263352967
PDE 0.401 0.04330025513667019 0.6367067716198868 0.40377661349934135
Lognormal 0.401 0.05453196809920938 0.6930523547490978 0.43687051892423107
Normal 0.401 0.05795800740450651 0.7096306650749806 0.4464883478438478
LognormalAB 0.401 0.04946594222488865 0.6680625497126182 0.4222691238042838
NormalAB 0.401 0.05104374924891671 0.6759123921317152 0.4268690011349989
PDE 0.4205 0.04595155598227574 0.6216449213056352 0.40290198809381383
Lognormal 0.4205 0.05670354959662659 0.6727504081703634 0.4337076870781506
Normal 0.4205 0.05992428733946992 0.6875766365106633 0.4425484453343224
LognormalAB 0.4205 0.05182310832632368 0.6498943743743972 0.41999303076222144
NormalAB 0.4205 0.053372797749895916 0.6572072514412131 0.42439227728538326
PDE 0.44 0.04869529629127237 0.6072479661118604 0.4018935352287988
Lognormal 0.44 0.058956937532316345 0.6535483490331823 0.4305034059213892
Normal 0.44 0.061985173921154164 0.6668307729384831 0.43863304810042913
LognormalAB 0.44 0.054289382290338264 0.6327607041858219 0.4177097446800892
NormalAB 0.44 0.055813525878175514 0.6395940913394867 0.42192469175889225
PDE 0.45949999999999996 0.05153980046517423 0.5934752583694215 0.4007714556357891
Lognormal 0.45949999999999996 0.061301733731291635 0.635359760389601 0.4272739821256382
Normal 0.45949999999999996 0.0641493414847825 0.647277891557639 0.43475230743439275
LognormalAB 0.45949999999999996 0.056873933506545196 0.6165773646639628 0.41543137630144183
NormalAB 0.45949999999999996 0.05837482917169541 0.6229807306634617 0.4194765752565043
PDE 0.479 0.05449407218228739 0.5802922413064153 0.3995551434177766
Lognormal 0.479 0.06374818109777071 0.6181111134172499 0.4240354612587454
Normal 0.479 0.06642623182315792 0.6288205936036266 0.4309169101555173
LognormalAB 0.479 0.059586467907215335 0.6012723501642875 0.41316979318657526
NormalAB 0.479 0.0610661764705726 0.607288558501314 0.4170582831998935
PDE 0.4985 0.05756784897587625 0.5676696186208999 0.3982634383063631
Lognormal 0.4985 0.06630727280308216 0.601739832662558 0.42080388254565754
Normal 0.4985 0.06882614663619846 0.6113763497525175 0.42713820914921397
LognormalAB 0.4985 0.062437286160387656 0.5867838990040555 0.41093677928924927
NormalAB 0.4985 0.0638976609459922 0.5924503189718036 0.414680306323462
PDE 0.518 0.06077165618123239 0.5555826803584112 0.39691483946820816
Lognormal 0.518 0.06899086149702054 0.5861927562339645 0.41759550554365427
Normal 0.518 0.07136034312894401 0.59487520620898 0.42342834941285307
LognormalAB 0.518 0.06543733593560015 0.5730589472697363 0.4087441670111418
NormalAB 0.518 0.06688004647661723 0.5784083429391401 0.41235336381116366
PDE 0.5375 0.06411685806594926 0.5440107467946809 0.3955276857563324
Lognormal 0.5375 0.07181176824559368 0.5714248992466608 0.41442701417464767
Normal 0.5375 0.07404113181450359 0.5792579614744596 0.419800389929618
LognormalAB 0.5375 0.06859825716331779 0.5600518723629838 0.4066039455925128
NormalAB 0.5375 0.07002480797355146 0.5651131197020508 0.41008848039741846
PDE 0.557 0.06761570345136726 0.5329367008389307 0.3941203053009219
Lognormal 0.557 0.07478388984524831 0.557398450679098 0.41131570090065156
Normal 0.557 0.07688197466005403 0.5644747022255007 0.41626842027073013
LognormalAB 0.557 0.07193241850391324 0.5477234590821058 0.4045283477943315
NormalAB 0.557 0.07334416363280258 0.5525221286447287 0.4078970475900725
PDE 0.5765 0.07128135902464894 0.5223465740959083 0.39271112734870706
Lognormal 0.5765 0.07792230192240673 0.5440819490241963 0.40827963138333107
Normal 0.5765 0.07989758056837597 0.5504836134015926 0.4128476692809841
LognormalAB 0.5765 0.0754529425326119 0.5360400365715345 0.40252991528862136
NormalAB 0.5765 0.0768510964479552 0.5405988699555936 0.40579086809557846
PDE 0.5960000000000001 0.07512799860472223 0.5122293995901905 0.3913189246614562
Lognormal 0.5960000000000001 0.08124335373713679 0.5314495926391516 0.4053377875566032
Normal 0.5960000000000001 0.08310399376364558 0.5372499961440068 0.40955460145136346
LognormalAB 0.5960000000000001 0.07917371644188859 0.5249727457275042 0.40062154190945015
NormalAB 0.5960000000000001 0.08055936166176167 0.5293120472809009 0.4037821816002992
PDE 0.6155 0.07917077651214326 0.5025767462385233 0.3899627812202513
Lognormal 0.6155 0.08476474883228044 0.5194806478412707 0.4025101845513206
Normal 0.6155 0.08651866891632552 0.5247454400665662 0.40640699458090723
LognormalAB 0.6155 0.08310938439667873 0.5144969049563681 0.3988164928975967
NormalAB 0.6155 0.0844834762134138 0.518634865268984 0.40188366929745256
PDE 0.635 0.08342576431640224 0.4933822620876375 0.3886620088961346
Lognormal 0.635 0.08850560360310028 0.5081589225210568 0.3998179543032001
Normal 0.635 0.0901605248019476 0.5129471051574488 0.4034239900847571
LognormalAB 0.635 0.08727531711420769 0.5045914484969569 0.397128397520173
NormalAB 0.635 0.08863868571617622 0.5085444125624382 0.40010843399668267
PDE 0.6545 0.08791008154410332 0.48464188341295267 0.3874365235527598
Lognormal 0.6545 0.09248647356853562 0.4974722761073008 0.3972833859998289
Normal 0.6545 0.09404996600791334 0.5018370746514874 0.4006261049003393
LognormalAB 0.6545 0.0916875538753753 0.4952384165498793 0.3955712120298527
NormalAB 0.6545 0.09304090417667288 0.49902110677284905 0.3984699523987697
PDE 0.674 0.09264170581124784 0.47635315646424037 0.38630652832274426
Lognormal 0.674 0.09672933476044307 0.4874121388065565 0.39492991095023156
Normal 0.674 0.0982088598427303 0.4914017444884782 0.39803519157439865
LognormalAB 0.674 0.09636271213579004 0.48642248074854083 0.3941591499490252
NormalAB 0.674 0.097706621670931 0.4900481829716209 0.39698199627590625
PDE 0.6935 0.09763942577015679 0.4685151080319561 0.3852925693320278
Lognormal 0.6935 0.10125750550378282 0.4779730148511412 0.39278201731718687
Normal 0.6935 0.1026604534608363 0.4816312184127652 0.39567433112586026
LognormalAB 0.6935 0.10131786034082918 0.478130492473827 0.3929065772402373
NormalAB 0.6935 0.10265277567164104 0.4816112117332377 0.3956585199929617
PDE 0.713 0.10292267215938856 0.46112787335702393 0.3844153762757144
Lognormal 0.713 0.10609549240152039 0.4691519467985752 0.39086507894887823
Normal 0.713 0.10742921476309854 0.47251868130664915 0.39356764220065976
LognormalAB 0.713 0.1065703506096572 0.47035104544727174 0.3918278711584382
NormalAB 0.713 0.10789658282164655 0.4736976371063212 0.3945135131407931
PDE 0.7325 0.10851137869241242 0.4541925125931706 0.3836958216364315
Lognormal 0.7325 0.1112687442118247 0.46094792158649733 0.38920508298043716
Normal 0.7325 0.1125405805254579 0.464059727956305 0.3917399905777206
LognormalAB 0.7325 0.1121376097501304 0.4630740480814454 0.39093724351427034
NormalAB 0.7325 0.1134553297758777 0.46629632923211783 0.3935608190655018
PDE 0.7520000000000001 0.11442555929187798 0.44771023170341107 0.3831543669235953
Lognormal 0.7520000000000001 0.11680329931353647 0.45336120493628546 0.3878282437782201
Normal 0.7520000000000001 0.11802059725739247 0.4562516310846891 0.3902165860950709
LognormalAB 0.7520000000000001 0.1180368896250131 0.4562903051891979 0.39024853163671874
NormalAB 0.7520000000000001 0.1193461243026533 0.4593971506570918 0.3928139226827632
PDE 0.7715 0.12068513502007187 0.441682359485092 0.38281108415485476
Lognormal 0.7715 0.12272531743883777 0.44639259955261634 0.38676049698935433
Normal 0.7715 0.12389544534761797 0.4490925419506436 0.3890224603732674
LognormalAB 0.7715 0.12428498109492897 0.4499911126239091 0.3897749632707154
NormalAB 0.7715 0.1255856110178528 0.45299053946583845 0.3922857139122333
PDE 0.791 0.12730945543714614 0.43610967683879664 0.3826851213454784
Lognormal 0.791 0.12906049496433644 0.4400426347154095 0.38602687748420483
Normal 0.791 0.13019084577866027 0.4425806294816192 0.38818182887723696
LognormalAB 0.791 0.13089789932509002 0.4441678718293604 0.38952890456836375
NormalAB 0.791 0.13218965961985968 0.44706711578000796 0.391988235926798
PDE 0.8105 0.13431684382684084 0.4309919297934425 0.3827942786878606
Lognormal 0.8105 0.13583337543247775 0.43431070988595244 0.38565079875719244
Normal 0.8105 0.13693136122446228 0.43671317938745224 0.38771735479777836
LognormalAB 0.8105 0.13789055170739656 0.4388117336171963 0.38952160269737196
NormalAB 0.8105 0.13917303683893406 0.4416173204312269 0.39193242964370534
PDE 0.8300000000000001 0.1417241147214285 0.4263273637470173 0.3831545701683609
Lognormal 0.8300000000000001 0.1430665823713385 0.42919423136310375 0.38565326778731723
Normal 0.8300000000000001 0.1441396189232906 0.43148569151766336 0.38764934884985613
LognormalAB 0.8300000000000001 0.1452764024782539 0.43391328133422 0.38976293587743266
NormalAB 0.8300000000000001 0.14654907597819167 0.4366310953150381 0.3921278869782079
PDE 0.8495 0.1495460770597864 0.4221122799154726 0.38377977488726756
Lognormal 0.8495 0.15078001796729773 0.42468779615333885 0.386052086110631
Normal 0.8495 0.1518354993933698 0.4268910291942848 0.3879949560157951
LognormalAB 0.8495 0.15306714982392 0.42946226278222066 0.3902611835532677
NormalAB 0.8495 0.15432935944581133 0.432097613964219 0.3925826250552821
PDE 0.869 0.15779505706544852 0.41834065333651327 0.3846810164850028
Lognormal 0.869 0.1589900856430455 0.4207824874804558 0.38686110145309516
Normal 0.869 0.16003534971590272 0.4229186847784222 0.38876739400965243
LognormalAB 0.869 0.16127243159368082 0.42544737808859884 0.3910228279892685
NormalAB 0.869 0.1625234298346954 0.42800506858653203 0.3933028919535729
PDE 0.8885 0.16648047984166245 0.41500385318448757 0.3858664134226896
Lognormal 0.8885 0.1677090033688684 0.41746534807886765 0.38808958076768063
Normal 0.8885 0.16875128897244498 0.41955422760973576 0.38997531482446957
LognormalAB 0.8885 0.1698995747301149 0.42185612788214577 0.3920523963060688
NormalAB 0.8885 0.17113854399213738 0.42434051694960634 0.39429301218662427
PDE 0.908 0.1756085437559396 0.41209049166614997 0.38734083261708907
Lognormal 0.908 0.17694427420031683 0.41471908803745405 0.38974177164363744
Normal 0.908 0.17799067306547586 0.4167789911247129 0.3916223568465482
LognormalAB 0.908 0.17895340148202366 0.41867472344691387 0.3933523495864834
NormalAB 0.908 0.18017948249160737 0.421089789956781 0.3955552777797245
PDE 0.9275 0.18518201798279393 0.40958642204327 0.38910577526621826
Lognormal 0.9275 0.18669836930117478 0.41252206330742996 0.39181670353840853
Normal 0.9275 0.18775577476547353 0.41457003522981684 0.3937069393964265
LognormalAB 0.9275 0.18843610277473005 0.4158880586097901 0.39492302374663735
NormalAB 0.9275 0.18964842437827856 0.41823745914960253 0.39708988908690923
PDE 0.9470000000000001 0.19520018356388283 0.40747489298802486 0.39115941230911466
Lognormal 0.9470000000000001 0.19696865738259695 0.41084853190869997 0.39430825477642506
Normal 0.9470000000000001 0.19804371323336223 0.41290039075450796 0.396222325848732
LognormalAB 0.9470000000000001 0.1983471860179935 0.4134797420002766 0.39676262552429986
NormalAB 0.9470000000000001 0.19954489423343605 0.41576686267793517 0.39889494850394736
PDE 0.9664999999999999 0.20565891964541247 0.4057368412375338 0.39349676310213183
Lognormal 0.9664999999999999 0.2077475866584645 0.4096691628451181 0.3972054803029088
Normal 0.9664999999999999 0.20884663910037368 0.4117395605643151 0.39915695026840703
LognormalAB 0.9664999999999999 0.20868350113472212 0.41143218745488624 0.3988672857529277
NormalAB 0.9664999999999999 0.2098657854317385 0.41366018784780295 0.4009665094567229
PDE 0.986 0.2165509242799074 0.404351295213189 0.39611000003986024
Lognormal 0.986 0.21902309659373959 0.40895174437901044 0.4004931650261265
Normal 0.986 0.22015215202513463 0.41105422334338715 0.4024949720839174
LognormalAB 0.986 0.21943934456041236 0.4097267589351418 0.4012311703464296
NormalAB 0.986 0.22060545973715165 0.41189860729440897 0.4032986816567009
PDE 1.0055 0.22236604513512812 0.4032958495992407 0.39898884708655247
Lognormal 1.0055 0.22527921267695789 0.4086620193088093 0.40415254427857716
Normal 1.0055 0.22644390332840364 0.41080906690239133 0.40621699980380693
LognormalAB 1.0055 0.22510663635663242 0.4083439638396116 0.40384664654178
NormalAB 1.0055 0.22625591898579564 0.410462463500642 0.4058837909487166
PDE 1.025 0.21459168580691249 0.40254716484818276 0.4021210309764438
Lognormal 1.025 0.2179967624528098 0.4087645682959633 0.40816212048567374
Normal 1.025 0.21920232115067867 0.410967671218858 0.4103009122189747
LognormalAB 1.025 0.21717516111319773 0.40726368587950823 0.40670449867571773
NormalAB 1.025 0.2183070401571114 0.40933149353859694 0.4087125887426981
PDE 1.0445 0.20721332145890023 0.40208157702954145 0.4054928692856127
Lognormal 1.0445 0.21115414677008298 0.4092236678539867 0.4124985045267391
Normal 1.0445 0.21240539126785268 0.411493367033379 0.4147227049097712
LognormalAB 1.0445 0.20963285784903024 0.4064654432186789 0.4097941816114478
NormalAB 1.0445 0.2107468598184567 0.40848508062655786 0.4117745000934393
PDE 1.064 0.20021489882963373 0.4018754354558758 0.4090896222244783
Lognormal 1.064 0.20472810560617988 0.4100040643469744 0.41713721962422734
Normal 1.064 0.20602943219182032 0.41235001068927457 0.41945729929835796
LognormalAB 1.064 0.2024661433710946 0.4059286594524229 0.41310410063462394
NormalAB 1.064 0.20356189258055268 0.40790251987264037 0.41505789917315433
PDE 1.0835 0.1935792730202957 0.40190547954518635 0.412895900839628
Lognormal 1.0835 0.1986944300093334 0.4110716248489013 0.42205342123538736
Normal 1.0835 0.20004981552645498 0.4135026355822954 0.4244792672554562
LognormalAB 1.0835 0.19566024939865062 0.40563292896811165 0.41662189966521673
NormalAB 1.0835 0.19673746442903617 0.40756328032040556 0.41855039466409105
PDE 1.103 0.18728880691508562 0.4021494983043287 0.4168963790443508
Lognormal 1.103 0.19302858705209242 0.41239384565283893 0.4272225042642416
Normal 1.103 0.19444159809897596 0.4149179607087609 0.4297634422700424
LognormalAB 1.103 0.189199556868968 0.40555826387278016 0.42033474398958354
NormalAB 1.103 0.19025804425635454 0.40744724997959103 0.42223911090706173
PDE 1.1225 0.18132543269369217 0.40258603893688544 0.42107557085852676
Lognormal 1.1225 0.18770623999410385 0.4139402163668313 0.43262058558341193
Normal 1.1225 0.1891800478827091 0.4165647541119812 0.4352854050126153
LognormalAB 1.1225 0.18306791215612395 0.40568531049467754 0.4242295836950063
NormalAB 1.1225 0.18410755832710196 0.4075349516517852 0.4261109508869729
PDE 1.1420000000000001 0.17567131135714065 0.40319521427473753 0.4254187174922604
Lognormal 1.1420000000000001 0.18270365888611168 0.41568245017208816 0.43822486323623683
Normal 1.1420000000000001 0.1842410589210215 0.41841406179300605 0.4410218446287072
LognormalAB 1.1420000000000001 0.1772489138615082 0.405995527990086 0.42829338787132515
NormalAB 1.1420000000000001 0.1782696761796336 0.4078077217160999 0.43015283082539263
PDE 1.1615 0.1703087656228307 0.40395825046491846 0.4299114099370344
Lognormal 1.1615 0.17799802652708518 0.4175945986003799 0.4440138629524355
Normal 1.1615 0.17960146025824109 0.42043932051851046 0.4469508064527076
LognormalAB 1.1615 0.171726162805087 0.4064713255872896 0.4325133433737295
NormalAB 1.1615 0.17272806040561278 0.40824784807547365 0.43435187988551227
PDE 1.181 0.165220658753104 0.4048578719550471 0.43454005914095784
Lognormal 1.181 0.17356765086934944 0.41965307269879026 0.4499675879112535
Normal 1.181 0.17523923013791393 0.422616376517208 0.45305184218867334
LognormalAB 1.181 0.16648347166650324 0.40709615860982595 0.43687701558832953
NormalAB 1.181 0.16746657656650876 0.40883866713135575 0.43869560217563486
PDE 1.2005000000000001 0.16039051667858684 0.40587827247221536 0.43929194772616487
Lognormal 1.2005000000000001 0.16939209811117784 0.421836592737644 0.4560675897500288
Normal 1.2005000000000001 0.1711336299069347 0.4249234323610103 0.45930608069530315
LognormalAB 1.2005000000000001 0.1615050339400803 0.40785458619001785 0.4413724716822757
NormalAB 1.2005000000000001 0.16246946274185844 0.40956462249476455 0.4431720013319179
PDE 1.22 0.15580257973845635 0.4070050037602012 0.4441551902241153
Lognormal 1.22 0.16545226155361492 0.4241260868068326 0.46229697857172203
Normal 1.22 0.1672652729066376 0.42734094251286553 0.4656962372726021
LognormalAB 1.22 0.15677555428193468 0.40873229539466677 0.44598836904393974
NormalAB 1.22 0.1577214606500772 0.4104112900218818 0.44776967024380643
PDE 1.2395 0.15144187685076577 0.40822494276097615 0.44911876912721777
Lognormal 1.2395 0.16173038059121309 0.4265045557125951 0.46864038803665226
Normal 1.2395 0.1636161429114492 0.42985147507398347 0.47220657766992247
LognormalAB 1.2395 0.15228034391967138 0.40971609740482706 0.4507140130083959
NormalAB 1.2395 0.15320791190913605 0.4113653747408661 0.4524778499288687
PDE 1.259 0.14729426549547261 0.4095262327879696 0.4541725390813437
Lognormal 1.259 0.15821002261104122 0.42895691826079174 0.4750839092450283
Normal 1.259 0.16016957505666252 0.4324395539153065 0.47882285063913554
LognormalAB 1.259 0.1480053856630788 0.4107939015978232 0.4555393886313106
NormalAB 1.259 0.14891482390348354 0.41241468548673327 0.4572864622743856
PDE 1.2785 0.14334644250664924 0.41089820315819536 0.4593072027615289
Lognormal 1.2785 0.15487603858655868 0.4314698477727881 0.48161500453581757
Normal 1.2785 0.15691021018124643 0.4350914921152195 0.4855322002552508
LognormalAB 1.2785 0.1439373733501778 0.41195467308077643 0.4604551713872266
NormalAB 1.2785 0.14482891004525533 0.41354809279227145 0.462186121507162
PDE 1.298 0.1395859309544678 0.41233127201916997 0.4645142625912228
Lognormal 1.298 0.15171450110746376 0.43403160779567557 0.48822240986331494
Normal 1.298 0.15382393143816805 0.43779522471967003 0.49232306674222925
LognormalAB 1.298 0.1400637304517242 0.4131883786184524 0.46545272140264743
NormalAB 1.298 0.14093760912622139 0.41475547499480425 0.46716812900810745
PDE 1.3175000000000001 0.13600104837864857 0.4138168371594295 0.46978595285155944
Lognormal 1.3175000000000001 0.14871263168381438 0.4366318925565381 0.4948960322372992
Normal 1.3175000000000001 0.15089779009633628 0.4405401464104916 0.49918508234774117
LognormalAB 1.3175000000000001 0.13637261218677965 0.4144859251437657 0.4705240653441971
NormalAB 1.3175000000000001 0.13722908810049753 0.41602765677346565 0.47222445561010484
PDE 1.337 0.1325808613766626 0.41534715944986517 0.4751151568888904
Lognormal 1.337 0.1458587225035185 0.43926167578877773 0.5016268468945673
Normal 1.337 0.14811992577701466 0.4433169577311273 0.5061089669766363
LognormalAB 1.337 0.13285289499120428 0.415839094252142 0.475661869487306
NormalAB 1.337 0.133692232136792 0.417356343547804 0.47734771492878914
PDE 1.3565 0.1293152669477339 0.41691549003854816 0.4804955903634292
Lognormal 1.3565 0.14314205644094424 0.4419130700887266 0.5084067974129202
Normal 1.3565 0.14547948496802515 0.44611752203764393 0.5130864268232036
LognormalAB 1.3565 0.1294941566169947 0.4172404753355621 0.4808594068755834
NormalAB 1.3565 0.13031662522094412 0.41873405442248024 0.4825311306621823
PDE 1.376 0.12619482605382892 0.41851576254037043 0.4859214991490653
Lognormal 1.376 0.14055282800474556 0.4445791978779769 0.5152287008514391
Normal 1.376 0.14296654053493027 0.4489347342516696 0.5201100581048463
LognormalAB 1.376 0.12628664958185554 0.4186833993502165 0.4861105208988843
NormalAB 1.376 0.12709252403438467 0.42015405569814246 0.4877685002120211
PDE 1.3955 0.12321063016156446 0.4201423481573821 0.491387412876218
Lognormal 1.3955 0.13808206704752046 0.4472540742789944 0.5220861591554158
Normal 1.3955 0.14057201407170955 0.4517624017180374 0.5271732571465159
LognormalAB 1.3955 0.12322127017057122 0.4201618746508146 0.49140958709833804
NormalAB 1.3955 0.12401082731791889 0.4216102964038259 0.49305415645739087
PDE 1.415 0.12035464291827144 0.42179068832414385 0.4968888895532821
Lognormal 1.415 0.13572156640207805 0.4499325016898356 0.5289734774487539
Normal 1.415 0.13828760226720005 0.45459513694421877 0.5342701374439454
LognormalAB 1.415 0.12028952473114118 0.4216705258670435 0.4967514745620442
NormalAB 1.415 0.1210630424721283 0.4230973468446486 0.4983829290636621
PDE 1.4344999999999999 0.11761911133876585 0.42345622875891015 0.5024213338379925
Lognormal 1.4344999999999999 0.13346381412116315 0.45260997550831167 0.5358855894026442
Normal 1.4344999999999999 0.1361057079694771 0.45742826166072 0.541395453895553
LognormalAB 1.4344999999999999 0.11748349461587504 0.42320453643609296 0.5021315079071107
NormalAB 1.4344999999999999 0.11824125075267979 0.4246103407931 0.5037501063384198
PDE 1.4540000000000002 0.11499710423751594 0.4251354270446542 0.5079811680105679
Lognormal 1.4540000000000002 0.13130193064434953 0.4552826002571086 0.5428179895742095
Normal 1.4540000000000002 0.13401937627284913 0.46025772144150034 0.5485445340949378
LognormalAB 1.4540000000000002 0.11479580079010232 0.42475959512789924 0.5075454305473237
NormalAB 1.4540000000000002 0.1155380720906892 0.42614492167154994 0.5091513983466757
PDE 1.4735 0.11248189592208817 0.4268246314181371 0.513564565450783
Lognormal 1.4735 0.12922961096718727 0.45794701526003806 0.549766672417732
Normal 1.4735 0.13202223570050406 0.46308001002165977 0.5557132163829076
LognormalAB 1.4735 0.11221956886380619 0.42633184669320806 0.512989369712651
NormalAB 1.4735 0.11294663030013483 0.4276971928641307 0.5145829017617934
PDE 1.4929999999999999 0.11006751982392769 0.4285211329849958 0.5191686846597996
Lognormal 1.4929999999999999 0.127241071718304 0.4606003289855748 0.5567280775558477
Normal 1.4929999999999999 0.13010844438449176 0.4658921024157123 0.5628977942415838
LognormalAB 1.4929999999999999 0.10974839508731238 0.4279178466155768 0.518459803507467
NormalAB 1.4929999999999999 0.11046051921929322 0.42926367214478856 0.5200410667469217
PDE 1.5125 0.10774816127288929 0.4302220519545765 0.5247903904258916
Lognormal 1.5125 0.12533100293979166 0.46324006118458594 0.5636990408369728
Normal 1.5125 0.1282726410331601 0.4686913959509897 0.5700949665513759
LognormalAB 1.5125 0.1073763136834433 0.42951451984499744 0.5239535301594977
NormalAB 1.5125 0.10807377016361915 0.4308412501029655 0.5255226660248851
PDE 1.532 0.10551855582197525 0.43192510790962996 0.530427165615126
Lognormal 1.532 0.12349452429898478 0.46586409198828693 0.5706767506817441
Normal 1.532 0.12650990040827503 0.47147565837052435 0.5773017932078622
LognormalAB 1.532 0.10509776575769009 0.4311191233225188 0.5294676395123042
NormalAB 1.532 0.10578082093586455 0.43242715237859597 0.5310247661937013
PDE 1.5515 0.10337384351293526 0.43362837291268735 0.536076839779144
Lognormal 1.5515 0.12172714542339375 0.4684706171881309 0.5776587092230129
Normal 1.5515 0.12481569299746227 0.4742429822162752 0.5845156555973747
LognormalAB 1.5515 0.10290756992809857 0.4327292120635683 0.5349994867431896
NormalAB 1.5515 0.1035764865387 0.434018905475314 0.5365447012727101
PDE 1.571 0.10130935137216567 0.4353298763665098 0.5417371273193717
Lognormal 1.571 0.12002473003592629 0.47105810898345485 0.5846426977620913
Normal 1.571 0.1231858485529744 0.4769917447685331 0.5917342214483824
LognormalAB 1.571 0.10080089474161702 0.43434260854558726 0.5405466682393361
NormalAB 1.571 0.10145593165956042 0.43561430589785693 0.5420800484142301
PDE 1.5904999999999998 0.09932078099897589 0.43702798553287997 0.5474060884975261
Lognormal 1.5904999999999998 0.11838346356766943 0.47362528154969147 0.5916267460919212
Normal 1.5904999999999998 0.12161652316812631 0.4797205728852335 0.5989554136040491
LognormalAB 1.5904999999999998 0.09877323288849227 0.4359573751376694 0.5461069995326078
NormalAB 1.5904999999999998 0.0994146449417659 0.4372113923511427 0.547628605682514
PDE 1.61 0.09740415905232427 0.43872133541169106 0.5530820575118128
Lognormal 1.61 0.11679982393541613 0.47617106084617117 0.5986091052712506
Normal 1.61 0.12010416957294165 0.4824283121519703 0.6061773822950522
LognormalAB 1.61 0.0968203771866323 0.437571789311895 0.5516784951735847
NormalAB 1.61 0.09744841501587727 0.43880842074007276 0.553188371781339
PDE 1.6295 0.09555576175806602 0.44040870415177297 0.5587635002839211
Lognormal 1.6295 0.11527055518711024 0.47869455814575895 0.6055882234695154
Normal 1.6295 0.11864551034691302 0.4851139998175377 0.6133984805277521
LognormalAB 1.6295 0.09493839828018999 0.4391843213847241 0.5572593504147492
NormalAB 1.6295 0.09555330823722405 0.44040384171754 0.5587575276004889
PDE 1.649 0.09377210883478652 0.4420890214378039 0.5644490308141066
Lognormal 1.649 0.11379264373787257 0.481195046827479 0.6125627245379572
Normal 1.649 0.11723751376666688 0.48777684104951025 0.620617242239011
LognormalAB 1.649 0.09312362397814919 0.4407936145497755 0.5628479245687694
NormalAB 1.649 0.09372564805676975 0.44199628054089835 0.5643344194470954
PDE 1.6685 0.0920499191484881 0.44376129990112706 0.5701373321082903
Lognormal 1.6685 0.1123632969404341 0.48367194202722696 0.6195313889971836
Normal 1.6685 0.11587737202787958 0.4904161880989885 0.6278323629039725
LognormalAB 1.6685 0.09137262014716302 0.44239846697879404 0.5684427259085123
NormalAB 1.6685 0.0919619959407078 0.4435845190125467 0.5699175438282768
PDE 1.688 0.09038611754158646 0.44542466668458874 0.5758271992136365
Lognormal 1.688 0.11097992375537205 0.4861247827904424 0.626493137164061
Normal 1.688 0.11456248160278137 0.4930315220130858 0.6350426823162102
LognormalAB 1.688 0.08968217306656709 0.4439978157843242 0.5740423979793609
NormalAB 1.688 0.0902591337476474 0.4451674792969594 0.5755055336552983
PDE 1.7075 0.08877784768881564 0.44707840814229827 0.5815176001141984
Lognormal 1.7075 0.10964011730773585 0.4885532164143186 0.6334470141711647
Normal 1.7075 0.11329042551613201 0.49562243657796795 0.642247169290251
LognormalAB 1.7075 0.08804927315095837 0.44559072265467037 0.5796457072004022
NormalAB 1.7075 0.08861404746955386 0.44674420942357795 0.5810971457453707
PDE 1.7269999999999999 0.08722242916622351 0.4487219012913539 0.5872075952198088
Lognormal 1.7269999999999999 0.10834163913689412 0.49095698470596116 0.6403921766596871
Normal 1.7269999999999999 0.11205895734318091 0.49818862421464466 0.6494449080645336
LognormalAB 1.7269999999999999 0.08647109994595767 0.44717636098851493 0.5852515316383285
NormalAB 1.7269999999999999 0.08702391224269962 0.4483138703017841 0.5866912495044254
PDE 1.7465000000000002 0.08571734546284561 0.45035460564283974 0.5928963306000062
Lognormal 1.7465000000000002 0.10708240496544008 0.4933359119172344 0.6473278809517795
Normal 1.7465000000000002 0.11086598675243924 0.5007298635844692 0.6566350862081572
LognormalAB 1.7465000000000002 0.08494500830493443 0.4487540043726951 0.5908588508458552
NormalAB 1.7465000000000002 0.08548607853692824 0.4498757240903777 0.5922868166821327
PDE 1.766 0.08426023255365901 0.4519760552019959 0.5985830310220449
Lognormal 1.766 0.1058604718306119 0.49568989414729114 0.6542534725308429
Normal 1.766 0.10970956643404327 0.5032460086920058 0.6638169838576392
LognormalAB 1.766 0.08346851565794364 0.45032301626183513 0.5964667366646504
NormalAB 1.766 0.08399805943491619 0.45142912377922906 0.5978829120986044
PDE 1.7854999999999999 0.08284886804403822 0.4535858506694004 0.604266992850348
Lognormal 1.7854999999999999 0.10467402643781673 0.49801889003026467 0.6611683766783683
Normal 1.7854999999999999 0.10858788027087586 0.5057369792997399 0.6709899641301651
LognormalAB 1.7854999999999999 0.0820392902884425 0.45188284073268226 0.6020743449009105
NormalAB 1.7854999999999999 0.0825575189173614 0.4529735038550049 0.6034786852503888
PDE 1.805 0.0814811608906871 0.4551836518739558 0.6099475768646572
Lognormal 1.805 0.10352137461054225 0.5003229125488289 0.668072090133812
Normal 1.805 0.10749923262457768 0.5082027524926808 0.6781534645779471
LognormalAB 1.805 0.08065514053818268 0.45343299419902133 0.6076809077896295
NormalAB 1.805 0.08116226107478915 0.4545083719359547 0.6090733627112672
PDE 1.8245 0.0801551416993568 0.4567691704667524 0.6156242010531183
Lognormal 1.8245 0.10240093172423775 0.5026020218346053 0.6749641736598486
Normal 1.8245 0.10644203862209885 0.5106433552514635 0.6853069895643442
LognormalAB 1.8245 0.07931400486573265 0.45497305798494336 0.6132857271711084
NormalAB 1.8245 0.07981022017168231 0.45603330127273584 0.6146662412509121
PDE 1.844 0.07886895359553735 0.458342162902646 0.6212963334347237
Lognormal 1.844 0.10131121402369209 0.5048563188340465 0.6818442454092921
Normal 1.844 0.10541481534059549 0.5130588579104591 0.6924501034565158
LognormalAB 1.844 0.07801394268921846 0.4565026716650524 0.6188881683103223
NormalAB 1.844 0.07849945149372675 0.4575479240231096 0.6202566816015441
PDE 1.8635 0.0776208592559754 0.45990245748243147 0.6269635293769978
Lognormal 1.8635 0.10025083073419278 0.5070859397338555 0.6887119750023466
Normal 1.8635 0.10441617379941548 0.5154493683930652 0.6995824245419114
LognormalAB 1.8635 0.07675312594892558 0.45802152708995714 0.62448765429632
NormalAB 1.8635 0.07722812291398926 0.4590519252181863 0.6258441028093257
PDE 1.8829999999999998 0.07640923319033838 0.46144994987073806 0.6326254283339243
Lognormal 1.8829999999999998 0.09921847688635055 0.5092910510534114 0.6955670782337021
Normal 1.8829999999999998 0.10344481167768393 0.5178150271299576 0.7067036195868878
LognormalAB 1.8829999999999998 0.07552983133030416 0.4595293630241817 0.6300836609648849
NormalAB 1.8829999999999998 0.07599450711871492 0.460545037346741 0.6314279771133058
PDE 1.9025 0.07523250951689718 0.4629845000767503 0.638281619281882
Lognormal 1.9025 0.09821292678305152 0.5114718453233209 0.7024093123385192
Normal 1.9025 0.1024995066847197 0.5201560025779122 0.7138133989653873
LognormalAB 1.9025 0.0743424330925998 0.46102596033151017 0.6356757122932305
NormalAB 1.9025 0.07479697443808558 0.46202703549206015 0.6370078253003119
PDE 1.922 0.07408921536549393 0.46450601374237716 0.6439317482309713
Lognormal 1.922 0.09723302804465794 0.5136285372794188 0.7092384717547683
Normal 1.922 0.10157911051831202 0.5224724872671678 0.720911512294167
LognormalAB 1.922 0.0731893964527541 0.46251113764983814 0.6412633762205623
NormalAB 1.922 0.07363398623168858 0.46349773296288943 0.6425832124892715
PDE 1.9415 0.07297795352453439 0.4660144134642189 0.6495754813488614
Lognormal 1.9415 0.09627769617538798 0.5157613605103532 0.7160543843267412
Normal 1.9415 0.10068254335280659 0.5247646943142571 0.7279977445184964
LognormalAB 1.9415 0.07206927147837275 0.4639847475039006 0.6468462608529397
NormalAB 1.9415 0.07250408878257508 0.4649569773663998 0.6481537443030707
PDE 1.961 0.07189739626074591 0.46750963342618773 0.6552124983575394
Lognormal 1.961 0.09534590959987332 0.5178705645046069 0.7228569079010354
Normal 1.961 0.09980878880512027 0.527032854345061 0.73507191239881
LognormalAB 1.961 0.070980687447418 0.465446672809867 0.6524240110150138
NormalAB 1.961 0.07140590765764424 0.4664046470767613 0.6537190633902432
PDE 1.9805 0.07084628677697363 0.468991630618776 0.6608425082262327
Lognormal 1.9805 0.09443670512428745 0.5199564120495113 0.7296459272719912
Normal 1.9805 0.0989568893323066 0.5292772127796869 0.7421338613545998
LognormalAB 1.9805 0.0699223476358761 0.4668968237308 0.6579963051150016
NormalAB 1.9805 0.07033814249565735 0.46784064805794134 0.6592788462625657
